50
3
0
1
2
3
4
5
6
7
8
9
10
11
12
13
14
15
16
17
18
19
20
21
22
23
24
25
26
27
28
29
30
31
32
33
34
35
36
37
38
39
40
41
42
43
44
45
46
47
48
49
0 6 [1]
0 11 [1]
0 12 [0]
0 14 [2]
0 22 [1]
0 34 [0]
0 36 [2]
0 39 [1]
0 42 [2]
0 45 [0]
1 4 [0]
1 5 [0]
1 6 [0]
1 7 [2]
1 10 [2]
1 17 [2]
1 20 [2]
1 24 [2]
2 3 [0]
2 13 [2]
2 27 [2]
2 31 [1]
2 44 [1]
2 47 [1]
3 13 [2]
3 31 [1]
3 34 [1]
3 35 [1]
3 41 [1]
3 44 [1]
3 47 [1]
4 5 [2]
4 11 [2]
4 20 [2]
4 34 [1]
4 35 [0]
5 6 [0]
5 11 [2]
5 20 [1]
5 24 [1]
5 28 [0]
5 34 [0]
5 36 [0]
5 42 [1]
6 12 [0]
6 14 [1]
6 19 [1]
6 22 [1]
6 23 [1]
6 24 [1]
6 42 [0]
7 10 [0]
7 17 [1]
7 20 [1]
7 24 [1]
7 37 [0]
8 10 [1]
8 21 [1]
8 25 [0]
8 32 [0]
9 14 [1]
9 23 [0]
9 33 [0]
9 40 [2]
10 17 [1]
10 19 [1]
10 20 [1]
10 24 [2]
10 25 [0]
10 32 [0]
10 37 [0]
11 34 [0]
11 36 [0]
12 14 [1]
12 15 [0]
12 33 [0]
12 34 [0]
12 38 [2]
12 39 [2]
12 43 [2]
12 47 [2]
12 49 [2]
13 27 [2]
13 31 [2]
13 47 [2]
14 15 [2]
14 19 [0]
14 23 [2]
14 33 [0]
14 40 [2]
15 26 [0]
15 30 [0]
15 33 [0]
15 35 [2]
15 38 [2]
15 43 [2]
15 46 [2]
15 47 [2]
16 19 [0]
16 23 [2]
16 29 [0]
16 32 [0]
16 33 [0]
16 35 [2]
17 20 [2]
17 37 [2]
18 22 [2]
18 28 [0]
18 36 [1]
18 45 [1]
18 48 [2]
19 23 [0]
19 24 [0]
19 32 [0]
20 21 [1]
20 25 [0]
20 32 [0]
20 34 [2]
20 35 [1]
20 37 [1]
21 25 [0]
21 32 [1]
21 35 [1]
22 28 [1]
22 36 [1]
22 42 [1]
22 45 [1]
22 48 [1]
23 29 [2]
23 32 [1]
23 33 [1]
23 40 [2]
24 32 [1]
25 32 [1]
25 37 [2]
26 30 [1]
26 33 [2]
26 35 [2]
26 46 [2]
27 31 [2]
27 34 [2]
27 47 [2]
28 36 [2]
28 42 [2]
28 48 [1]
29 32 [0]
29 33 [2]
29 35 [1]
29 46 [0]
30 35 [2]
30 41 [2]
30 43 [1]
30 47 [2]
31 34 [2]
31 35 [2]
31 44 [2]
31 47 [2]
32 35 [1]
33 35 [1]
33 40 [0]
33 46 [0]
34 35 [2]
34 36 [0]
34 39 [0]
34 47 [0]
35 41 [2]
35 46 [0]
35 47 [1]
36 42 [1]
36 45 [1]
36 48 [1]
38 43 [0]
38 47 [0]
38 49 [0]
39 47 [0]
41 47 [1]
42 48 [0]
43 47 [2]
43 49 [0]
47 49 [2]
