128
6
0
1
2
3
4
5
6
7
8
9
10
11
12
13
14
15
16
17
18
19
20
21
22
23
24
25
26
27
28
29
30
31
32
33
34
35
36
37
38
39
40
41
42
43
44
45
46
47
48
49
50
51
52
53
54
55
56
57
58
59
60
61
62
63
64
65
66
67
68
69
70
71
72
73
74
75
76
77
78
79
80
81
82
83
84
85
86
87
88
89
90
91
92
93
94
95
96
97
98
99
100
101
102
103
104
105
106
107
108
109
110
111
112
113
114
115
116
117
118
119
120
121
122
123
124
125
126
127
0 14 [5]
0 35 [0]
0 40 [5]
0 106 [5]
0 107 [1]
0 110 [0]
0 122 [2]
1 3 [0]
1 41 [3]
1 66 [3]
1 67 [3]
1 93 [3]
1 97 [3]
1 115 [2]
2 16 [3]
2 24 [3]
2 38 [3]
2 51 [4]
2 79 [2]
2 98 [2]
2 99 [1]
3 27 [2]
3 39 [2]
3 54 [2]
3 59 [2]
3 64 [2]
3 94 [0]
4 16 [0]
4 56 [1]
4 67 [4]
4 84 [1]
4 93 [1]
4 99 [5]
4 113 [1]
5 33 [4]
5 41 [4]
5 49 [4]
5 67 [4]
5 84 [1]
5 102 [1]
5 103 [1]
6 13 [0]
6 16 [0]
6 24 [2]
6 57 [1]
6 66 [1]
6 93 [5]
6 117 [5]
7 22 [2]
7 27 [4]
7 48 [1]
7 64 [5]
7 77 [1]
7 90 [5]
7 123 [5]
8 14 [1]
8 23 [4]
8 33 [1]
8 75 [1]
8 103 [0]
8 106 [0]
8 118 [4]
9 15 [3]
9 28 [5]
9 47 [5]
9 58 [5]
9 63 [5]
9 78 [5]
9 126 [4]
10 31 [1]
10 34 [1]
10 45 [4]
10 52 [1]
10 72 [1]
10 96 [0]
10 124 [4]
11 17 [2]
11 34 [0]
11 69 [1]
11 70 [1]
11 80 [0]
11 112 [0]
11 124 [0]
12 32 [1]
12 38 [0]
12 58 [0]
12 63 [0]
12 82 [0]
12 99 [0]
12 113 [1]
13 19 [5]
13 39 [5]
13 45 [5]
13 54 [5]
13 72 [1]
13 125 [3]
14 61 [2]
14 80 [2]
14 95 [2]
14 112 [4]
14 116 [2]
15 27 [5]
15 45 [5]
15 52 [5]
15 54 [2]
15 77 [3]
15 101 [0]
16 44 [0]
16 55 [0]
16 73 [2]
16 125 [3]
17 23 [0]
17 68 [3]
17 89 [0]
17 105 [3]
17 108 [4]
17 118 [4]
18 35 [0]
18 36 [0]
18 58 [0]
18 82 [0]
18 104 [5]
18 107 [2]
18 126 [3]
19 28 [0]
19 78 [3]
19 85 [3]
19 105 [4]
19 108 [4]
19 117 [3]
20 33 [3]
20 35 [2]
20 36 [3]
20 41 [3]
20 87 [2]
20 97 [3]
20 106 [4]
21 27 [5]
21 30 [1]
21 48 [0]
21 52 [5]
21 94 [4]
21 96 [4]
21 127 [4]
22 25 [0]
22 29 [1]
22 79 [2]
22 98 [4]
22 100 [2]
22 121 [3]
23 55 [2]
23 60 [3]
23 73 [3]
23 88 [4]
23 112 [4]
24 31 [3]
24 42 [5]
24 45 [3]
24 101 [3]
24 111 [2]
25 27 [0]
25 39 [5]
25 42 [5]
25 45 [2]
25 96 [2]
25 119 [2]
26 49 [2]
26 56 [4]
26 65 [1]
26 68 [4]
26 76 [2]
26 84 [2]
26 89 [4]
27 47 [2]
27 115 [3]
28 45 [2]
28 70 [2]
28 111 [2]
28 119 [0]
28 124 [5]
29 39 [5]
29 43 [2]
29 44 [2]
29 46 [0]
29 64 [2]
29 125 [5]
30 35 [2]
30 40 [2]
30 47 [1]
30 87 [2]
30 92 [4]
30 126 [0]
31 51 [4]
31 57 [1]
31 104 [5]
31 107 [4]
31 122 [3]
32 71 [1]
32 90 [3]
32 95 [5]
32 116 [4]
32 120 [1]
32 123 [4]
33 60 [4]
33 91 [1]
33 95 [5]
33 120 [0]
34 51 [1]
34 65 [4]
34 68 [1]
34 98 [4]
34 121 [3]
35 71 [0]
35 95 [2]
35 127 [1]
36 50 [1]
36 60 [1]
36 83 [4]
36 88 [4]
36 114 [5]
37 40 [4]
37 81 [4]
37 85 [1]
37 87 [4]
37 106 [4]
37 108 [3]
37 118 [4]
38 70 [3]
38 73 [4]
38 111 [3]
38 112 [0]
38 116 [3]
39 66 [3]
39 81 [3]
39 85 [3]
40 80 [3]
40 96 [5]
40 119 [5]
40 124 [0]
41 74 [4]
41 83 [4]
41 94 [2]
41 127 [3]
42 66 [4]
42 79 [2]
42 110 [3]
42 115 [3]
42 122 [5]
43 49 [3]
43 68 [3]
43 81 [3]
43 103 [2]
43 118 [5]
43 121 [5]
44 66 [3]
44 67 [3]
44 75 [3]
44 79 [2]
44 103 [0]
45 98 [5]
46 75 [2]
46 85 [5]
46 86 [2]
46 100 [5]
46 105 [0]
46 118 [5]
47 59 [3]
47 71 [2]
47 90 [5]
47 119 [0]
48 49 [0]
48 65 [5]
48 92 [0]
48 102 [5]
48 121 [0]
49 64 [3]
49 91 [0]
49 94 [5]
50 76 [2]
50 78 [2]
50 87 [0]
50 89 [0]
50 108 [0]
50 126 [2]
51 53 [4]
51 55 [4]
51 61 [3]
51 112 [1]
52 65 [5]
52 76 [2]
52 104 [5]
52 126 [5]
53 65 [0]
53 82 [5]
53 84 [4]
53 99 [0]
53 102 [0]
53 104 [0]
54 56 [2]
54 76 [2]
54 78 [4]
54 93 [5]
55 57 [5]
55 68 [2]
55 84 [0]
55 103 [5]
56 62 [4]
56 64 [4]
56 77 [5]
56 125 [3]
57 72 [2]
57 74 [5]
57 83 [4]
57 88 [5]
58 71 [5]
58 101 [0]
58 111 [5]
58 114 [4]
59 78 [0]
59 85 [0]
59 86 [0]
59 87 [0]
59 97 [4]
60 82 [5]
60 84 [0]
60 89 [1]
60 113 [1]
61 79 [5]
61 102 [0]
61 103 [3]
61 121 [1]
61 122 [3]
62 63 [2]
62 78 [0]
62 86 [1]
62 89 [1]
62 105 [1]
62 113 [1]
63 69 [5]
63 70 [0]
63 77 [0]
63 90 [0]
64 67 [2]
64 86 [0]
65 69 [0]
65 77 [5]
66 74 [5]
66 109 [1]
67 120 [1]
67 123 [3]
68 72 [4]
68 125 [2]
69 82 [4]
69 89 [1]
69 92 [1]
69 126 [1]
70 98 [0]
70 100 [2]
70 105 [1]
71 97 [3]
71 110 [1]
71 115 [1]
72 76 [0]
72 81 [1]
72 108 [1]
73 75 [1]
73 105 [1]
73 113 [5]
73 117 [5]
74 81 [4]
74 103 [0]
74 106 [3]
74 122 [3]
75 109 [1]
75 116 [3]
75 120 [3]
76 83 [1]
76 94 [2]
77 98 [1]
77 99 [1]
78 114 [1]
79 116 [2]
79 123 [3]
80 92 [3]
80 100 [3]
80 118 [2]
80 121 [2]
81 94 [2]
81 96 [2]
82 95 [2]
82 112 [5]
83 84 [4]
83 93 [2]
83 104 [3]
85 109 [3]
85 119 [5]
86 90 [3]
86 91 [2]
86 120 [3]
87 91 [2]
87 94 [2]
88 106 [1]
88 107 [3]
88 108 [1]
88 117 [3]
89 91 [4]
90 92 [3]
90 100 [3]
91 92 [2]
91 118 [0]
92 95 [0]
93 101 [3]
93 114 [5]
95 102 [1]
96 121 [0]
96 122 [2]
97 109 [3]
97 114 [5]
97 120 [0]
98 125 [4]
99 101 [1]
99 123 [0]
100 116 [2]
100 119 [4]
101 104 [2]
101 115 [4]
102 123 [1]
102 127 [4]
104 127 [5]
105 125 [3]
106 109 [5]
107 111 [2]
107 112 [2]
107 124 [5]
108 124 [5]
109 110 [3]
109 117 [1]
110 111 [0]
110 116 [3]
110 119 [0]
111 117 [3]
113 114 [4]
113 120 [1]
114 117 [5]
115 123 [1]
115 127 [4]
122 127 [4]
124 126 [0]
