32
3
0
1
2
3
4
5
6
7
8
9
10
11
12
13
14
15
16
17
18
19
20
21
22
23
24
25
26
27
28
29
30
31
0 5 [1]
1 15 [2]
1 25 [0]
1 29 [0]
2 10 [2]
2 28 [0]
4 21 [0]
4 24 [0]
4 30 [1]
5 8 [1]
5 13 [1]
5 17 [1]
6 11 [2]
6 16 [0]
6 27 [1]
6 29 [1]
7 28 [0]
8 11 [1]
8 12 [1]
8 14 [0]
8 20 [0]
8 27 [0]
9 12 [0]
9 14 [0]
9 23 [0]
10 17 [2]
10 21 [2]
10 24 [2]
11 13 [2]
11 15 [2]
11 16 [2]
11 27 [1]
12 24 [1]
12 27 [1]
13 21 [1]
13 26 [1]
14 16 [1]
14 19 [0]
15 16 [1]
16 19 [0]
16 30 [2]
17 24 [1]
18 20 [1]
18 27 [1]
19 28 [2]
19 31 [2]
20 23 [2]
20 30 [2]
20 31 [2]
21 25 [0]
21 30 [2]
22 31 [2]
23 28 [2]
23 30 [2]
23 31 [0]
25 29 [0]
25 31 [0]
27 31 [1]
