100
5
0
1
2
3
4
5
6
7
8
9
10
11
12
13
14
15
16
17
18
19
20
21
22
23
24
25
26
27
28
29
30
31
32
33
34
35
36
37
38
39
40
41
42
43
44
45
46
47
48
49
50
51
52
53
54
55
56
57
58
59
60
61
62
63
64
65
66
67
68
69
70
71
72
73
74
75
76
77
78
79
80
81
82
83
84
85
86
87
88
89
90
91
92
93
94
95
96
97
98
99
0 24 [2]
0 33 [0]
0 41 [0]
0 43 [1]
0 46 [3]
0 52 [1]
0 58 [4]
0 60 [2]
0 64 [2]
0 66 [3]
0 85 [4]
0 97 [0]
1 7 [2]
1 18 [0]
1 31 [0]
1 36 [2]
1 41 [3]
1 43 [4]
1 46 [3]
1 52 [3]
1 60 [3]
1 66 [2]
1 85 [4]
2 23 [0]
2 24 [4]
2 28 [3]
2 31 [2]
2 43 [1]
2 52 [2]
2 55 [3]
2 73 [1]
2 81 [4]
2 94 [1]
3 23 [3]
3 24 [2]
3 28 [3]
3 31 [2]
3 35 [2]
3 41 [0]
3 43 [2]
3 52 [2]
3 60 [3]
3 68 [3]
3 73 [2]
3 85 [2]
3 96 [2]
4 17 [4]
4 18 [0]
4 27 [3]
4 31 [4]
4 34 [2]
4 52 [3]
4 60 [3]
4 66 [2]
4 75 [4]
4 85 [4]
4 86 [1]
4 89 [4]
5 8 [1]
5 18 [3]
5 31 [0]
5 34 [1]
5 52 [3]
5 60 [3]
5 66 [2]
5 75 [1]
5 83 [0]
5 85 [4]
5 86 [1]
6 17 [3]
6 31 [4]
6 34 [0]
6 38 [1]
6 46 [3]
6 52 [2]
6 60 [1]
6 66 [2]
6 82 [4]
6 85 [4]
7 18 [2]
7 31 [4]
7 36 [2]
7 41 [0]
7 43 [0]
7 46 [3]
7 52 [2]
7 60 [2]
7 66 [1]
7 85 [4]
7 94 [3]
8 18 [2]
8 31 [0]
8 34 [0]
8 60 [3]
8 66 [3]
8 75 [3]
8 83 [3]
8 85 [4]
8 86 [1]
9 18 [4]
9 24 [2]
9 31 [0]
9 41 [1]
9 43 [1]
9 46 [0]
9 60 [1]
9 62 [3]
9 67 [3]
9 94 [2]
10 31 [2]
10 34 [3]
10 38 [0]
10 46 [0]
10 52 [1]
10 57 [0]
10 60 [2]
10 66 [3]
10 82 [1]
10 85 [1]
10 86 [1]
11 23 [2]
11 28 [4]
11 31 [0]
11 41 [0]
11 43 [1]
11 51 [3]
11 52 [1]
11 73 [0]
11 85 [4]
11 94 [0]
12 24 [2]
12 31 [0]
12 41 [0]
12 42 [1]
12 43 [0]
12 52 [0]
12 60 [3]
12 66 [3]
12 73 [4]
12 85 [4]
13 17 [2]
13 18 [2]
13 31 [2]
13 34 [0]
13 41 [3]
13 46 [3]
13 52 [1]
13 66 [3]
13 85 [3]
13 94 [1]
14 28 [3]
14 31 [4]
14 41 [0]
14 43 [0]
14 52 [0]
14 60 [3]
14 73 [1]
14 85 [1]
14 90 [1]
14 94 [4]
15 24 [2]
15 28 [3]
15 31 [0]
15 41 [0]
15 43 [1]
15 46 [3]
15 60 [3]
15 66 [3]
15 85 [3]
15 94 [1]
16 17 [3]
16 20 [0]
16 34 [0]
16 38 [0]
16 46 [3]
16 60 [3]
16 66 [2]
16 82 [1]
16 85 [1]
16 86 [4]
17 18 [2]
17 20 [1]
17 27 [0]
17 31 [2]
17 34 [0]
17 38 [0]
17 41 [0]
17 46 [3]
17 48 [0]
17 52 [3]
17 60 [1]
17 66 [1]
17 75 [3]
17 76 [4]
17 79 [4]
17 82 [1]
17 83 [1]
17 85 [1]
17 86 [4]
17 94 [1]
17 95 [2]
18 24 [4]
18 27 [0]
18 30 [0]
18 31 [0]
18 34 [0]
18 36 [0]
18 37 [0]
18 39 [0]
18 41 [0]
18 43 [1]
18 45 [0]
18 46 [3]
18 49 [3]
18 52 [1]
18 60 [1]
18 61 [3]
18 62 [1]
18 65 [1]
18 66 [3]
18 67 [1]
18 69 [1]
18 72 [1]
18 75 [1]
18 76 [4]
18 77 [1]
18 78 [1]
18 79 [4]
18 82 [1]
18 83 [1]
18 85 [4]
18 86 [3]
18 87 [2]
18 89 [4]
18 94 [4]
18 95 [4]
18 97 [4]
19 31 [0]
19 37 [0]
19 41 [1]
19 43 [1]
19 46 [4]
19 65 [1]
19 66 [3]
19 78 [4]
19 85 [4]
19 94 [4]
20 31 [0]
20 34 [0]
20 38 [1]
20 46 [3]
20 60 [1]
20 66 [1]
20 82 [4]
20 85 [4]
20 86 [2]
21 24 [2]
21 28 [0]
21 40 [2]
21 41 [1]
21 43 [1]
21 46 [3]
21 50 [1]
21 60 [4]
21 66 [1]
21 71 [1]
21 94 [4]
22 24 [4]
22 43 [1]
22 46 [3]
22 52 [3]
22 58 [3]
22 60 [1]
22 64 [1]
22 66 [3]
22 85 [4]
22 97 [4]
23 24 [2]
23 25 [0]
23 26 [0]
23 28 [0]
23 31 [1]
23 32 [0]
23 35 [1]
23 41 [1]
23 43 [1]
23 47 [3]
23 51 [1]
23 52 [3]
23 53 [3]
23 55 [3]
23 59 [3]
23 60 [1]
23 68 [4]
23 70 [4]
23 73 [1]
23 74 [1]
23 81 [4]
23 84 [4]
23 85 [4]
23 90 [3]
23 94 [2]
23 96 [0]
23 98 [4]
24 25 [4]
24 28 [1]
24 29 [1]
24 31 [1]
24 33 [1]
24 35 [1]
24 39 [1]
24 40 [1]
24 41 [1]
24 42 [1]
24 43 [1]
24 44 [1]
24 45 [3]
24 46 [4]
24 47 [2]
24 49 [4]
24 50 [1]
24 52 [3]
24 53 [2]
24 54 [2]
24 55 [1]
24 58 [2]
24 60 [4]
24 62 [4]
24 63 [4]
24 64 [1]
24 66 [3]
24 67 [4]
24 68 [3]
24 71 [4]
24 72 [1]
24 73 [4]
24 80 [4]
24 81 [4]
24 84 [2]
24 85 [4]
24 87 [2]
24 91 [4]
24 92 [2]
24 93 [4]
24 94 [4]
24 97 [2]
24 99 [3]
25 31 [0]
25 41 [2]
25 43 [3]
25 52 [4]
25 53 [4]
25 73 [1]
25 85 [4]
25 94 [2]
26 28 [1]
26 31 [4]
26 32 [0]
26 41 [3]
26 43 [3]
26 59 [3]
26 73 [4]
26 74 [4]
26 85 [3]
26 90 [2]
26 94 [2]
26 98 [2]
27 31 [2]
27 34 [1]
27 52 [3]
27 60 [3]
27 66 [3]
27 85 [4]
27 86 [2]
28 29 [0]
28 31 [3]
28 32 [3]
28 35 [3]
28 40 [3]
28 41 [3]
28 43 [3]
28 44 [3]
28 46 [3]
28 47 [3]
28 50 [3]
28 51 [3]
28 52 [3]
28 53 [3]
28 54 [3]
28 55 [3]
28 60 [3]
28 63 [3]
28 66 [4]
28 68 [4]
28 70 [1]
28 71 [4]
28 73 [4]
28 74 [2]
28 80 [3]
28 81 [4]
28 84 [2]
28 85 [2]
28 88 [2]
28 90 [4]
28 91 [4]
28 94 [2]
28 96 [2]
29 31 [3]
29 41 [3]
29 43 [3]
29 46 [3]
29 52 [1]
29 60 [2]
29 66 [4]
29 85 [2]
30 31 [0]
30 34 [3]
30 43 [3]
30 52 [4]
30 60 [4]
30 66 [4]
30 69 [4]
30 85 [2]
30 94 [2]
31 32 [2]
31 34 [3]
31 36 [3]
31 37 [1]
31 38 [1]
31 39 [1]
31 40 [3]
31 41 [3]
31 42 [3]
31 43 [4]
31 44 [4]
31 46 [4]
31 48 [4]
31 51 [4]
31 52 [4]
31 53 [2]
31 54 [4]
31 55 [2]
31 56 [4]
31 57 [4]
31 58 [1]
31 59 [2]
31 60 [4]
31 61 [1]
31 62 [4]
31 63 [4]
31 65 [2]
31 66 [2]
31 67 [4]
31 68 [4]
31 69 [4]
31 70 [4]
31 71 [4]
31 72 [4]
31 73 [4]
31 74 [4]
31 75 [1]
31 76 [4]
31 77 [2]
31 78 [2]
31 79 [2]
31 80 [4]
31 81 [4]
31 82 [2]
31 83 [2]
31 84 [4]
31 85 [4]
31 86 [2]
31 87 [2]
31 88 [2]
31 89 [4]
31 90 [4]
31 91 [4]
31 92 [2]
31 93 [0]
31 94 [2]
31 95 [2]
31 96 [2]
31 97 [4]
31 98 [2]
31 99 [0]
32 41 [3]
32 43 [4]
32 59 [4]
32 60 [2]
32 73 [2]
32 74 [4]
32 85 [2]
32 90 [2]
32 94 [0]
32 98 [0]
33 43 [2]
33 46 [4]
33 52 [4]
33 58 [4]
33 60 [4]
33 64 [2]
33 85 [2]
33 97 [0]
34 38 [1]
34 41 [4]
34 43 [4]
34 46 [4]
34 48 [4]
34 52 [4]
34 57 [4]
34 60 [2]
34 61 [2]
34 65 [2]
34 66 [2]
34 69 [4]
34 75 [4]
34 76 [4]
34 79 [0]
34 82 [2]
34 83 [2]
34 85 [2]
34 86 [0]
34 89 [0]
34 94 [0]
34 95 [0]
35 41 [3]
35 43 [4]
35 52 [2]
35 60 [2]
35 73 [2]
35 85 [0]
36 41 [4]
36 43 [4]
36 46 [4]
36 60 [4]
36 66 [2]
36 85 [0]
37 41 [4]
37 43 [4]
37 46 [2]
37 65 [2]
37 66 [2]
37 78 [4]
37 85 [0]
37 94 [0]
38 46 [4]
38 48 [2]
38 52 [2]
38 57 [2]
38 60 [2]
38 66 [0]
38 82 [2]
38 85 [0]
38 86 [0]
39 41 [4]
39 43 [3]
39 46 [4]
39 52 [2]
39 66 [0]
39 85 [0]
39 94 [2]
40 41 [2]
40 43 [4]
40 46 [4]
40 50 [2]
40 52 [2]
40 54 [1]
40 60 [2]
40 63 [2]
40 66 [1]
40 71 [0]
40 80 [0]
40 91 [0]
40 94 [0]
41 42 [1]
41 43 [4]
41 44 [2]
41 45 [2]
41 46 [4]
41 47 [2]
41 49 [2]
41 50 [4]
41 51 [2]
41 52 [2]
41 53 [2]
41 54 [2]
41 55 [2]
41 56 [2]
41 58 [2]
41 59 [2]
41 60 [2]
41 62 [1]
41 63 [4]
41 65 [1]
41 66 [2]
41 67 [0]
41 68 [4]
41 69 [0]
41 70 [4]
41 71 [0]
41 72 [0]
41 73 [0]
41 74 [4]
41 78 [1]
41 80 [0]
41 81 [0]
41 84 [0]
41 85 [0]
41 88 [2]
41 90 [0]
41 92 [2]
41 93 [0]
41 94 [0]
41 96 [0]
41 97 [0]
41 98 [0]
41 99 [0]
42 43 [4]
42 52 [0]
42 60 [2]
42 66 [0]
42 73 [2]
42 85 [0]
42 94 [0]
43 45 [3]
43 46 [1]
43 47 [1]
43 49 [0]
43 50 [1]
43 51 [2]
43 52 [1]
43 53 [1]
43 55 [1]
43 56 [0]
43 58 [0]
43 59 [1]
43 60 [1]
43 61 [0]
43 62 [1]
43 64 [1]
43 65 [1]
43 66 [0]
43 67 [1]
43 68 [0]
43 69 [0]
43 71 [1]
43 72 [1]
43 73 [3]
43 74 [0]
43 77 [1]
43 78 [0]
43 81 [1]
43 84 [0]
43 85 [0]
43 87 [0]
43 88 [0]
43 90 [0]
43 91 [1]
43 92 [0]
43 93 [0]
43 94 [0]
43 96 [0]
43 97 [0]
43 98 [1]
43 99 [0]
44 46 [4]
44 52 [2]
44 54 [2]
44 60 [1]
44 66 [0]
44 80 [0]
45 46 [4]
45 49 [0]
45 52 [2]
45 60 [4]
45 66 [0]
45 85 [3]
46 49 [3]
46 52 [4]
46 54 [4]
46 56 [3]
46 58 [3]
46 60 [3]
46 62 [3]
46 64 [3]
46 65 [1]
46 66 [0]
46 67 [0]
46 71 [4]
46 77 [0]
46 78 [4]
46 80 [0]
46 82 [0]
46 85 [3]
46 86 [0]
46 91 [3]
46 94 [3]
46 97 [0]
47 52 [4]
47 53 [3]
47 73 [3]
47 85 [4]
47 94 [0]
48 52 [2]
48 60 [3]
48 66 [0]
48 82 [0]
48 85 [3]
48 86 [0]
49 52 [4]
49 60 [2]
49 66 [0]
49 85 [3]
49 97 [0]
50 60 [0]
50 66 [0]
50 71 [4]
50 94 [0]
51 52 [3]
51 60 [1]
51 70 [0]
51 73 [0]
51 85 [0]
51 88 [1]
51 94 [1]
52 53 [1]
52 54 [0]
52 55 [0]
52 56 [0]
52 57 [0]
52 58 [0]
52 60 [0]
52 61 [0]
52 63 [0]
52 64 [0]
52 65 [0]
52 66 [0]
52 68 [4]
52 69 [4]
52 70 [1]
52 73 [0]
52 75 [0]
52 77 [0]
52 78 [0]
52 80 [4]
52 81 [0]
52 82 [0]
52 83 [0]
52 84 [0]
52 85 [4]
52 86 [0]
52 88 [0]
52 89 [1]
52 90 [2]
52 92 [0]
52 93 [0]
52 94 [0]
52 95 [0]
52 96 [0]
52 97 [0]
52 99 [2]
53 73 [0]
53 85 [4]
53 94 [3]
54 60 [1]
54 63 [0]
54 66 [0]
54 80 [4]
55 73 [0]
55 81 [4]
55 85 [3]
55 94 [2]
56 58 [1]
56 60 [1]
56 66 [1]
56 85 [0]
56 97 [3]
57 60 [0]
57 66 [0]
57 82 [2]
57 85 [3]
57 86 [1]
58 60 [0]
58 64 [0]
58 66 [0]
58 85 [2]
58 92 [2]
58 93 [2]
58 97 [3]
58 99 [3]
59 73 [2]
59 85 [3]
59 90 [3]
59 94 [2]
59 98 [1]
60 61 [4]
60 62 [4]
60 63 [4]
60 64 [4]
60 66 [4]
60 67 [4]
60 68 [4]
60 69 [4]
60 70 [4]
60 71 [0]
60 72 [3]
60 73 [4]
60 75 [3]
60 79 [4]
60 80 [2]
60 82 [3]
60 83 [3]
60 85 [2]
60 86 [2]
60 87 [2]
60 88 [3]
60 89 [2]
60 90 [2]
60 91 [3]
60 92 [3]
60 93 [3]
60 94 [4]
60 96 [2]
60 97 [1]
60 99 [3]
61 66 [0]
61 69 [2]
61 85 [2]
61 94 [3]
62 66 [3]
62 67 [4]
62 72 [3]
62 85 [3]
62 87 [1]
62 94 [3]
63 66 [3]
63 80 [2]
64 66 [3]
64 85 [3]
64 97 [1]
65 66 [2]
65 77 [2]
65 78 [2]
65 85 [2]
65 94 [3]
66 67 [4]
66 69 [2]
66 71 [2]
66 72 [0]
66 73 [2]
66 75 [3]
66 76 [2]
66 77 [0]
66 78 [2]
66 79 [2]
66 80 [2]
66 82 [2]
66 83 [2]
66 85 [0]
66 86 [1]
66 87 [2]
66 89 [3]
66 91 [2]
66 92 [3]
66 93 [3]
66 94 [1]
66 95 [2]
66 97 [1]
66 99 [1]
67 72 [2]
67 87 [2]
67 94 [1]
68 73 [0]
69 85 [3]
69 94 [3]
70 73 [3]
70 85 [1]
70 94 [3]
71 91 [2]
71 94 [1]
72 87 [1]
72 94 [1]
73 74 [3]
73 81 [1]
73 84 [2]
73 85 [3]
73 88 [3]
73 90 [3]
73 94 [1]
73 96 [1]
73 98 [3]
74 85 [3]
74 94 [0]
75 76 [2]
75 79 [1]
75 82 [1]
75 83 [3]
75 85 [4]
75 86 [0]
75 89 [1]
75 95 [3]
76 79 [3]
76 82 [0]
76 85 [3]
76 86 [3]
77 78 [4]
77 85 [3]
77 94 [1]
78 85 [3]
78 94 [1]
79 82 [2]
79 85 [4]
79 86 [1]
80 94 [1]
81 94 [3]
82 85 [3]
82 86 [1]
82 94 [3]
82 95 [1]
83 85 [3]
83 86 [1]
84 85 [3]
84 94 [3]
85 86 [4]
85 88 [4]
85 89 [4]
85 90 [4]
85 92 [3]
85 93 [3]
85 94 [3]
85 95 [4]
85 96 [4]
85 97 [3]
85 98 [4]
85 99 [4]
86 89 [4]
86 95 [4]
87 94 [1]
88 94 [0]
90 94 [0]
90 98 [4]
91 94 [4]
92 99 [4]
93 97 [4]
93 99 [1]
