500
2
0
1
2
3
4
5
6
7
8
9
10
11
12
13
14
15
16
17
18
19
20
21
22
23
24
25
26
27
28
29
30
31
32
33
34
35
36
37
38
39
40
41
42
43
44
45
46
47
48
49
50
51
52
53
54
55
56
57
58
59
60
61
62
63
64
65
66
67
68
69
70
71
72
73
74
75
76
77
78
79
80
81
82
83
84
85
86
87
88
89
90
91
92
93
94
95
96
97
98
99
100
101
102
103
104
105
106
107
108
109
110
111
112
113
114
115
116
117
118
119
120
121
122
123
124
125
126
127
128
129
130
131
132
133
134
135
136
137
138
139
140
141
142
143
144
145
146
147
148
149
150
151
152
153
154
155
156
157
158
159
160
161
162
163
164
165
166
167
168
169
170
171
172
173
174
175
176
177
178
179
180
181
182
183
184
185
186
187
188
189
190
191
192
193
194
195
196
197
198
199
200
201
202
203
204
205
206
207
208
209
210
211
212
213
214
215
216
217
218
219
220
221
222
223
224
225
226
227
228
229
230
231
232
233
234
235
236
237
238
239
240
241
242
243
244
245
246
247
248
249
250
251
252
253
254
255
256
257
258
259
260
261
262
263
264
265
266
267
268
269
270
271
272
273
274
275
276
277
278
279
280
281
282
283
284
285
286
287
288
289
290
291
292
293
294
295
296
297
298
299
300
301
302
303
304
305
306
307
308
309
310
311
312
313
314
315
316
317
318
319
320
321
322
323
324
325
326
327
328
329
330
331
332
333
334
335
336
337
338
339
340
341
342
343
344
345
346
347
348
349
350
351
352
353
354
355
356
357
358
359
360
361
362
363
364
365
366
367
368
369
370
371
372
373
374
375
376
377
378
379
380
381
382
383
384
385
386
387
388
389
390
391
392
393
394
395
396
397
398
399
400
401
402
403
404
405
406
407
408
409
410
411
412
413
414
415
416
417
418
419
420
421
422
423
424
425
426
427
428
429
430
431
432
433
434
435
436
437
438
439
440
441
442
443
444
445
446
447
448
449
450
451
452
453
454
455
456
457
458
459
460
461
462
463
464
465
466
467
468
469
470
471
472
473
474
475
476
477
478
479
480
481
482
483
484
485
486
487
488
489
490
491
492
493
494
495
496
497
498
499
0 1 [1]
0 4 [1]
0 8 [1]
0 36 [0]
0 59 [1]
0 69 [1]
0 131 [1]
0 149 [0]
0 198 [0]
0 199 [1]
0 215 [0]
0 299 [0]
0 394 [1]
1 36 [0]
1 93 [0]
1 132 [0]
1 215 [0]
1 375 [1]
1 447 [1]
2 11 [1]
2 133 [0]
2 468 [0]
2 469 [0]
3 6 [0]
3 14 [1]
3 286 [1]
3 287 [0]
4 8 [1]
4 11 [0]
4 70 [0]
4 121 [0]
4 394 [1]
4 395 [1]
4 468 [1]
4 469 [1]
5 34 [0]
5 256 [0]
5 339 [0]
5 483 [0]
6 14 [0]
6 89 [0]
6 173 [0]
6 286 [0]
6 329 [0]
6 337 [0]
7 22 [0]
7 229 [1]
7 298 [0]
7 369 [1]
7 456 [1]
7 493 [1]
8 53 [0]
8 149 [0]
8 355 [1]
8 395 [1]
8 476 [1]
9 110 [0]
9 167 [0]
9 352 [1]
9 400 [1]
9 401 [1]
9 465 [1]
10 37 [0]
10 80 [1]
10 385 [1]
10 484 [1]
10 485 [1]
11 133 [0]
11 394 [1]
11 468 [1]
12 63 [0]
12 73 [0]
12 92 [0]
12 328 [0]
12 368 [1]
13 69 [1]
13 131 [0]
13 246 [0]
13 422 [1]
13 423 [1]
14 287 [0]
14 329 [1]
14 354 [0]
14 355 [1]
14 395 [1]
15 55 [1]
15 204 [0]
15 315 [1]
15 398 [1]
15 399 [1]
16 44 [1]
16 54 [1]
16 126 [0]
16 205 [0]
16 324 [0]
16 386 [1]
16 399 [1]
17 180 [0]
17 181 [1]
17 250 [0]
17 318 [1]
17 319 [1]
17 327 [1]
18 91 [0]
18 151 [0]
18 182 [0]
18 226 [0]
18 277 [0]
18 278 [0]
18 359 [0]
18 366 [1]
18 383 [1]
19 189 [0]
19 420 [1]
19 440 [1]
19 441 [1]
20 154 [0]
20 252 [0]
20 253 [0]
20 364 [1]
20 488 [1]
21 277 [0]
21 390 [0]
21 391 [1]
21 405 [1]
21 444 [1]
21 456 [1]
22 63 [1]
22 298 [1]
22 299 [1]
22 369 [1]
23 209 [0]
23 262 [0]
23 263 [0]
23 437 [1]
23 445 [0]
24 221 [0]
24 270 [0]
24 325 [1]
24 370 [1]
24 414 [1]
24 415 [1]
25 46 [1]
25 129 [0]
25 239 [0]
25 280 [0]
25 302 [1]
25 389 [1]
26 94 [0]
26 316 [1]
26 317 [1]
26 333 [1]
26 338 [1]
26 396 [1]
26 487 [0]
27 48 [1]
27 65 [1]
27 257 [0]
27 482 [1]
27 483 [1]
28 50 [1]
28 76 [1]
28 83 [0]
28 206 [0]
28 448 [1]
28 449 [1]
28 484 [0]
29 50 [0]
29 51 [0]
29 75 [0]
29 121 [0]
29 345 [1]
29 385 [1]
29 433 [1]
30 66 [0]
30 117 [0]
30 189 [0]
30 242 [0]
30 386 [1]
31 103 [0]
31 112 [0]
31 140 [0]
31 142 [0]
31 165 [0]
31 177 [0]
31 255 [1]
31 311 [1]
31 428 [1]
32 171 [1]
32 214 [0]
32 264 [0]
32 288 [1]
32 290 [1]
32 297 [1]
32 312 [1]
32 374 [0]
33 203 [0]
33 480 [0]
33 481 [1]
34 111 [0]
34 155 [0]
34 253 [0]
34 256 [0]
34 257 [0]
34 284 [1]
34 285 [1]
34 333 [1]
34 482 [1]
34 483 [1]
35 135 [0]
35 201 [0]
35 353 [1]
35 377 [1]
36 93 [0]
36 199 [1]
37 80 [0]
37 265 [0]
37 313 [1]
37 374 [1]
37 485 [0]
38 65 [1]
38 100 [0]
38 123 [0]
38 238 [0]
38 280 [1]
38 467 [0]
39 103 [0]
39 114 [0]
39 115 [1]
39 317 [1]
39 397 [1]
40 334 [1]
40 464 [1]
40 465 [0]
40 496 [0]
40 497 [0]
41 95 [1]
41 99 [0]
41 136 [0]
41 137 [0]
41 285 [1]
41 352 [1]
41 377 [1]
41 401 [0]
42 241 [1]
42 271 [1]
42 320 [1]
42 341 [0]
42 346 [0]
42 438 [1]
42 439 [1]
43 45 [0]
43 434 [1]
43 490 [1]
43 491 [0]
44 54 [1]
44 140 [1]
44 211 [0]
44 260 [0]
44 399 [1]
45 108 [0]
45 490 [0]
45 491 [0]
46 129 [0]
46 146 [0]
46 147 [0]
46 280 [1]
46 466 [1]
46 489 [1]
47 48 [0]
47 65 [0]
47 101 [0]
47 239 [0]
47 302 [1]
48 65 [0]
48 112 [0]
48 114 [0]
48 281 [1]
48 302 [1]
48 483 [1]
49 110 [0]
49 135 [0]
49 154 [1]
49 302 [1]
49 303 [1]
49 355 [1]
49 388 [1]
49 389 [0]
50 75 [1]
50 83 [1]
50 133 [0]
50 385 [1]
50 469 [0]
50 484 [1]
51 74 [0]
51 121 [0]
51 283 [1]
51 300 [1]
51 301 [1]
51 345 [1]
52 156 [0]
52 157 [0]
52 175 [0]
52 181 [0]
52 189 [1]
52 326 [0]
52 441 [1]
53 58 [1]
53 162 [0]
53 163 [0]
53 188 [0]
53 355 [1]
53 476 [0]
54 112 [0]
54 140 [0]
54 188 [0]
54 303 [1]
54 355 [1]
54 386 [1]
55 204 [0]
55 211 [0]
55 314 [1]
55 347 [0]
55 398 [1]
55 399 [1]
55 431 [1]
56 58 [1]
56 69 [0]
56 162 [0]
56 163 [0]
57 148 [0]
57 273 [1]
57 360 [1]
57 361 [1]
57 463 [0]
58 162 [0]
58 163 [0]
59 131 [0]
59 188 [0]
59 299 [1]
59 443 [1]
60 178 [0]
60 192 [0]
60 241 [1]
60 268 [1]
60 269 [1]
61 178 [0]
61 243 [1]
61 321 [1]
61 387 [1]
61 420 [1]
61 438 [1]
61 440 [1]
62 150 [0]
62 151 [1]
62 323 [0]
62 404 [1]
63 92 [0]
63 299 [0]
63 328 [1]
63 368 [1]
63 369 [1]
63 499 [1]
64 101 [1]
64 238 [1]
64 280 [0]
65 101 [0]
65 122 [1]
65 123 [0]
65 238 [1]
65 482 [1]
66 85 [0]
66 116 [1]
66 117 [1]
66 157 [0]
66 242 [1]
66 319 [1]
66 327 [1]
66 362 [1]
66 363 [1]
67 299 [1]
67 440 [1]
67 442 [1]
67 443 [1]
68 212 [0]
68 213 [0]
68 244 [1]
68 245 [0]
68 247 [1]
68 475 [1]
69 131 [0]
69 158 [1]
69 159 [0]
69 162 [0]
69 163 [0]
69 198 [1]
69 272 [1]
69 361 [0]
69 422 [1]
69 463 [1]
69 477 [1]
70 75 [1]
70 121 [0]
70 469 [1]
71 282 [1]
71 344 [1]
71 432 [1]
71 454 [1]
71 455 [1]
72 172 [1]
72 304 [1]
72 305 [1]
72 337 [1]
73 92 [1]
73 93 [0]
73 299 [0]
73 328 [1]
73 375 [1]
74 300 [1]
74 301 [1]
75 121 [0]
75 469 [1]
76 80 [1]
76 313 [1]
76 448 [1]
76 449 [1]
77 82 [1]
77 170 [0]
77 215 [0]
77 494 [1]
78 126 [0]
78 330 [1]
78 331 [0]
78 435 [1]
79 108 [0]
79 127 [1]
79 216 [1]
79 242 [1]
79 373 [1]
80 313 [1]
80 448 [1]
80 484 [0]
81 133 [0]
81 170 [0]
81 292 [0]
81 293 [1]
82 133 [0]
82 170 [0]
82 215 [1]
82 394 [1]
83 133 [0]
83 171 [0]
83 206 [0]
83 275 [1]
84 118 [0]
84 119 [0]
84 237 [1]
85 242 [1]
85 362 [1]
85 420 [1]
85 421 [1]
85 473 [1]
86 167 [0]
86 335 [0]
86 450 [1]
86 451 [1]
86 464 [1]
87 166 [0]
87 200 [0]
87 201 [0]
87 309 [1]
87 353 [1]
87 451 [1]
87 464 [1]
87 465 [1]
88 89 [0]
88 160 [0]
88 161 [0]
88 203 [0]
88 286 [1]
88 301 [0]
88 384 [1]
88 481 [0]
89 160 [0]
89 173 [0]
89 202 [0]
89 286 [1]
90 102 [0]
90 218 [1]
90 219 [1]
91 151 [0]
91 183 [1]
91 226 [1]
91 236 [1]
91 237 [1]
91 243 [1]
91 440 [1]
92 299 [0]
92 368 [1]
93 199 [1]
93 299 [1]
93 375 [1]
94 338 [1]
94 396 [1]
94 397 [1]
95 99 [0]
95 136 [1]
95 285 [1]
96 344 [1]
96 345 [0]
96 432 [1]
96 452 [0]
96 453 [0]
96 454 [1]
96 455 [1]
97 184 [0]
97 385 [1]
97 416 [1]
97 417 [1]
97 433 [1]
98 114 [0]
98 256 [1]
98 338 [1]
98 339 [1]
98 483 [1]
98 487 [0]
99 136 [0]
99 137 [0]
99 197 [0]
99 285 [1]
99 332 [1]
99 408 [1]
100 123 [1]
100 467 [1]
101 238 [1]
101 239 [1]
101 280 [1]
102 193 [0]
102 210 [1]
102 218 [1]
102 219 [1]
102 429 [1]
103 112 [1]
103 114 [0]
103 115 [0]
103 142 [1]
103 143 [0]
103 153 [0]
103 165 [0]
103 222 [1]
103 409 [1]
104 190 [1]
104 370 [0]
104 371 [1]
105 240 [0]
105 341 [1]
105 346 [1]
105 347 [1]
106 276 [1]
106 279 [1]
106 298 [1]
106 493 [0]
107 124 [1]
107 195 [1]
107 208 [1]
107 229 [1]
107 342 [1]
107 343 [1]
107 456 [1]
108 216 [1]
108 331 [0]
108 373 [1]
108 434 [1]
108 490 [0]
108 491 [0]
109 138 [0]
109 221 [0]
109 324 [1]
109 370 [1]
109 371 [1]
109 372 [1]
110 135 [0]
110 154 [1]
110 201 [1]
110 252 [0]
110 285 [1]
110 309 [1]
110 400 [1]
110 465 [0]
111 122 [1]
111 123 [0]
111 284 [1]
111 466 [0]
111 467 [0]
111 482 [0]
112 114 [0]
112 140 [1]
112 142 [0]
112 281 [1]
112 303 [1]
112 311 [1]
112 388 [1]
113 258 [1]
113 358 [1]
113 359 [1]
114 338 [0]
114 397 [1]
114 483 [1]
115 153 [0]
115 317 [1]
115 332 [1]
115 333 [1]
115 408 [1]
116 174 [0]
116 175 [0]
116 327 [1]
116 362 [1]
116 363 [1]
116 472 [0]
116 473 [0]
117 157 [0]
117 189 [1]
118 119 [0]
118 237 [1]
118 243 [0]
119 193 [1]
119 237 [1]
119 243 [1]
120 282 [1]
120 452 [0]
120 453 [0]
121 301 [1]
121 395 [1]
122 123 [1]
122 482 [0]
123 467 [0]
124 228 [1]
124 229 [0]
124 343 [1]
125 263 [1]
125 277 [1]
125 436 [1]
125 437 [0]
125 444 [0]
126 324 [0]
126 330 [1]
126 331 [1]
126 372 [1]
126 386 [1]
126 434 [1]
126 435 [0]
127 216 [1]
127 242 [1]
127 331 [1]
127 386 [1]
128 335 [0]
128 464 [0]
128 465 [0]
129 154 [1]
129 253 [1]
129 364 [1]
129 389 [1]
129 488 [0]
129 489 [1]
130 187 [1]
130 213 [1]
130 381 [1]
130 478 [1]
130 479 [0]
131 188 [1]
131 423 [0]
132 265 [1]
132 291 [1]
132 306 [1]
132 307 [0]
132 374 [1]
132 375 [1]
132 446 [0]
132 447 [0]
133 170 [1]
133 171 [1]
133 293 [0]
133 394 [1]
133 469 [1]
134 194 [1]
134 209 [1]
134 262 [1]
134 355 [1]
134 376 [1]
134 437 [1]
134 444 [1]
134 456 [0]
134 457 [0]
134 461 [0]
135 137 [0]
135 201 [1]
135 355 [0]
135 376 [1]
135 377 [0]
135 460 [0]
135 461 [0]
137 164 [1]
137 223 [1]
137 376 [1]
137 377 [1]
137 408 [1]
137 437 [0]
137 460 [0]
138 205 [0]
138 324 [1]
138 325 [0]
138 370 [1]
139 320 [1]
139 438 [1]
139 439 [0]
140 260 [1]
140 310 [1]
140 311 [0]
140 428 [1]
141 152 [0]
141 366 [1]
141 378 [1]
141 379 [0]
143 164 [1]
143 165 [1]
143 223 [1]
143 367 [0]
143 409 [0]
144 176 [1]
144 211 [1]
144 218 [1]
144 260 [1]
144 261 [1]
144 428 [0]
144 429 [0]
145 182 [1]
145 183 [1]
145 227 [1]
145 236 [1]
145 254 [1]
145 255 [1]
145 259 [1]
145 366 [1]
146 280 [1]
146 466 [0]
146 467 [0]
147 155 [1]
147 284 [0]
147 365 [0]
147 466 [0]
147 489 [0]
148 158 [0]
148 234 [1]
148 273 [1]
148 360 [1]
148 462 [0]
148 463 [0]
148 477 [1]
149 198 [1]
149 476 [0]
150 279 [1]
150 323 [1]
150 404 [1]
150 492 [0]
151 278 [1]
151 279 [0]
151 299 [1]
151 322 [1]
151 323 [0]
151 382 [0]
151 404 [0]
151 440 [0]
152 223 [1]
152 367 [1]
152 378 [1]
152 379 [1]
153 222 [1]
153 408 [0]
154 252 [1]
154 389 [1]
154 488 [1]
155 253 [1]
155 284 [0]
155 365 [0]
156 175 [1]
156 181 [1]
156 230 [1]
156 251 [1]
156 327 [1]
157 181 [1]
157 189 [1]
157 319 [0]
158 162 [1]
158 235 [0]
158 360 [1]
158 476 [0]
158 477 [0]
159 272 [1]
159 361 [0]
160 202 [1]
160 203 [1]
161 184 [0]
161 301 [1]
161 384 [1]
162 476 [0]
163 188 [0]
163 422 [0]
163 474 [0]
164 222 [1]
164 223 [1]
164 408 [0]
164 409 [0]
165 255 [1]
165 366 [1]
165 367 [1]
166 200 [0]
166 465 [0]
166 496 [0]
167 335 [1]
167 401 [0]
167 450 [0]
167 465 [0]
168 174 [1]
168 362 [1]
168 472 [1]
168 473 [0]
169 231 [1]
169 250 [0]
169 251 [1]
169 327 [1]
170 292 [0]
170 494 [0]
171 224 [1]
171 248 [1]
171 274 [1]
171 275 [0]
171 288 [1]
171 293 [1]
171 312 [1]
171 351 [1]
172 229 [1]
172 304 [1]
172 305 [0]
173 202 [1]
173 328 [1]
173 337 [1]
173 458 [0]
173 485 [0]
173 498 [0]
174 472 [0]
174 473 [0]
175 326 [1]
175 327 [1]
175 473 [0]
176 211 [1]
176 218 [1]
176 219 [1]
176 340 [1]
176 347 [1]
177 210 [0]
177 255 [1]
177 261 [0]
177 428 [0]
177 429 [0]
178 192 [1]
178 193 [1]
178 241 [1]
178 243 [1]
178 269 [0]
178 438 [0]
179 204 [0]
179 240 [1]
179 270 [1]
179 341 [0]
179 415 [0]
180 181 [1]
180 230 [1]
180 250 [1]
180 318 [1]
181 230 [1]
181 319 [1]
182 254 [1]
182 359 [1]
182 366 [1]
183 226 [1]
183 227 [1]
183 236 [1]
183 258 [1]
184 301 [1]
184 384 [0]
184 416 [0]
184 433 [1]
185 233 [1]
185 294 [0]
185 410 [0]
186 188 [1]
186 213 [1]
186 246 [1]
186 247 [1]
186 423 [0]
187 213 [1]
187 380 [0]
187 478 [0]
188 245 [1]
188 247 [0]
188 355 [0]
188 386 [0]
188 423 [0]
188 442 [0]
188 443 [0]
188 474 [1]
188 475 [0]
189 386 [0]
189 440 [1]
189 441 [0]
189 442 [0]
190 221 [1]
190 370 [0]
190 371 [0]
191 220 [0]
191 270 [0]
191 414 [1]
191 415 [0]
192 241 [1]
192 268 [1]
193 210 [1]
193 219 [1]
193 236 [1]
193 237 [1]
193 243 [0]
193 269 [0]
194 208 [1]
194 456 [0]
194 457 [0]
195 228 [1]
195 342 [0]
195 343 [1]
196 316 [1]
196 396 [0]
196 397 [1]
197 285 [1]
197 332 [1]
197 333 [1]
197 486 [0]
198 272 [1]
198 476 [0]
199 299 [1]
200 334 [1]
200 464 [0]
200 496 [0]
200 497 [0]
201 309 [0]
201 353 [0]
202 203 [0]
202 480 [0]
202 485 [0]
203 480 [0]
203 481 [0]
204 240 [0]
204 315 [1]
204 325 [0]
204 415 [0]
204 430 [0]
204 431 [0]
205 315 [0]
205 324 [1]
205 325 [1]
205 399 [1]
205 430 [0]
206 275 [0]
206 312 [1]
206 449 [0]
207 249 [0]
207 290 [0]
207 349 [0]
207 392 [0]
208 342 [0]
208 456 [0]
208 457 [0]
209 262 [0]
209 436 [0]
209 444 [0]
209 445 [0]
210 236 [0]
210 255 [1]
210 429 [1]
211 260 [0]
211 347 [0]
211 399 [1]
212 244 [0]
212 245 [1]
212 247 [0]
213 246 [0]
213 247 [0]
213 380 [0]
213 475 [0]
213 479 [0]
214 224 [0]
214 288 [1]
214 297 [0]
214 426 [0]
215 225 [0]
215 266 [0]
215 394 [0]
215 403 [0]
215 407 [0]
215 447 [0]
215 494 [0]
216 331 [1]
217 372 [0]
217 412 [1]
217 413 [0]
218 219 [0]
218 429 [0]
219 269 [1]
219 271 [0]
219 340 [0]
220 270 [0]
220 414 [1]
221 270 [1]
221 370 [1]
221 371 [0]
221 372 [1]
222 408 [0]
222 409 [1]
223 277 [1]
223 367 [0]
223 378 [0]
223 437 [0]
224 274 [1]
224 288 [1]
224 426 [0]
224 427 [0]
225 266 [1]
225 403 [0]
225 446 [0]
226 258 [0]
226 358 [1]
226 359 [0]
227 254 [1]
227 258 [0]
227 259 [0]
227 359 [1]
228 229 [1]
228 304 [1]
228 342 [1]
228 343 [0]
229 304 [0]
229 305 [1]
229 369 [0]
229 456 [0]
229 499 [0]
230 250 [1]
230 251 [1]
231 250 [1]
231 327 [1]
232 295 [1]
232 384 [0]
232 416 [0]
232 417 [0]
233 294 [1]
233 385 [0]
233 410 [0]
233 411 [0]
233 481 [0]
234 462 [0]
234 463 [0]
235 272 [1]
235 360 [1]
235 361 [0]
235 476 [0]
236 237 [1]
236 255 [0]
237 243 [0]
238 280 [1]
239 280 [1]
239 302 [1]
240 341 [0]
240 347 [0]
240 431 [0]
241 268 [1]
241 269 [1]
241 271 [1]
241 438 [0]
242 373 [0]
242 386 [0]
242 387 [1]
242 413 [0]
242 421 [0]
243 440 [0]
244 247 [0]
245 247 [0]
245 475 [0]
246 380 [0]
246 422 [0]
246 423 [0]
248 293 [0]
248 296 [1]
248 350 [1]
248 351 [0]
249 349 [0]
249 392 [0]
249 471 [0]
250 251 [0]
250 318 [0]
250 327 [1]
251 327 [1]
252 253 [1]
252 285 [1]
253 285 [0]
253 364 [1]
253 365 [0]
253 489 [0]
254 259 [1]
254 359 [0]
255 366 [0]
256 333 [0]
256 339 [0]
256 487 [1]
257 482 [0]
257 483 [0]
258 358 [1]
258 359 [0]
260 310 [1]
260 428 [0]
261 428 [0]
261 429 [0]
262 437 [0]
263 436 [0]
263 437 [0]
263 445 [1]
264 312 [1]
264 313 [1]
264 374 [0]
265 374 [0]
265 375 [0]
265 485 [0]
266 446 [0]
266 447 [0]
267 292 [0]
267 407 [0]
267 419 [0]
267 494 [1]
269 271 [0]
270 341 [0]
270 372 [0]
270 414 [0]
270 415 [0]
271 340 [1]
271 346 [0]
272 361 [1]
272 476 [0]
273 360 [0]
274 296 [1]
274 351 [0]
274 427 [1]
275 312 [0]
276 279 [1]
276 405 [1]
276 492 [0]
276 493 [0]
277 366 [0]
277 378 [0]
277 383 [0]
277 390 [0]
277 437 [1]
277 444 [1]
278 382 [0]
278 383 [0]
279 298 [0]
279 299 [0]
279 323 [0]
279 492 [0]
280 467 [0]
281 302 [1]
281 388 [0]
282 344 [0]
282 452 [0]
282 453 [0]
282 455 [1]
283 300 [1]
283 301 [1]
283 345 [0]
283 453 [1]
284 466 [0]
285 333 [0]
285 352 [0]
285 400 [1]
286 287 [0]
286 301 [1]
286 354 [1]
286 395 [0]
287 354 [1]
289 297 [1]
289 350 [0]
289 426 [0]
289 427 [0]
290 293 [1]
290 297 [1]
290 307 [1]
290 349 [1]
290 350 [0]
290 374 [0]
290 392 [0]
290 470 [0]
291 293 [1]
291 306 [0]
291 357 [0]
291 402 [0]
291 446 [0]
292 293 [1]
292 402 [1]
292 419 [0]
292 425 [0]
292 494 [0]
293 306 [0]
293 349 [0]
293 350 [1]
293 402 [0]
294 410 [0]
294 411 [0]
294 480 [0]
294 485 [0]
295 416 [0]
295 417 [0]
296 350 [0]
296 351 [1]
296 427 [0]
297 350 [0]
297 426 [0]
298 299 [0]
298 493 [0]
299 440 [1]
299 443 [0]
300 301 [0]
301 395 [1]
301 433 [0]
301 453 [0]
302 388 [0]
302 389 [0]
303 355 [1]
303 388 [0]
304 329 [0]
304 337 [0]
304 342 [0]
305 337 [0]
305 499 [0]
306 307 [0]
306 349 [1]
306 471 [0]
307 374 [0]
307 393 [1]
307 470 [0]
307 471 [0]
308 353 [0]
308 377 [0]
308 401 [0]
308 450 [0]
308 451 [0]
309 465 [0]
310 428 [0]
312 313 [1]
312 449 [1]
313 374 [0]
313 449 [0]
314 398 [0]
314 399 [0]
315 399 [0]
315 430 [0]
316 317 [1]
316 396 [0]
316 397 [0]
317 333 [0]
317 397 [0]
319 327 [0]
320 438 [1]
320 439 [0]
321 341 [0]
321 372 [0]
321 387 [0]
321 412 [0]
321 413 [0]
321 438 [0]
321 439 [0]
322 382 [0]
322 383 [0]
322 404 [0]
322 405 [0]
324 372 [0]
325 370 [0]
325 415 [1]
325 430 [0]
326 441 [0]
326 473 [0]
327 363 [0]
328 375 [0]
328 458 [0]
328 485 [1]
328 499 [1]
329 337 [0]
329 342 [0]
329 355 [1]
329 457 [0]
330 435 [0]
331 386 [0]
331 435 [1]
331 491 [1]
332 333 [0]
332 408 [0]
332 486 [1]
333 486 [1]
333 487 [0]
334 496 [1]
334 497 [1]
335 464 [1]
335 465 [1]
336 458 [0]
336 459 [0]
336 498 [1]
337 498 [0]
337 499 [1]
338 397 [1]
338 487 [1]
339 483 [1]
340 346 [1]
340 347 [1]
341 346 [1]
341 372 [0]
341 439 [0]
342 457 [0]
344 452 [0]
344 454 [0]
345 433 [0]
345 453 [0]
345 455 [1]
346 347 [0]
347 431 [0]
348 392 [0]
348 393 [0]
348 470 [1]
348 471 [0]
349 471 [0]
350 427 [0]
352 400 [0]
352 401 [0]
353 377 [0]
353 451 [0]
354 395 [1]
355 395 [0]
355 457 [0]
355 461 [0]
356 357 [0]
356 407 [0]
356 418 [0]
356 419 [0]
356 424 [0]
356 425 [1]
356 495 [0]
357 402 [0]
357 403 [0]
357 418 [0]
357 446 [0]
357 495 [1]
358 359 [0]
360 361 [0]
361 463 [0]
362 472 [1]
362 473 [1]
364 488 [1]
365 489 [1]
366 367 [0]
366 378 [0]
366 379 [0]
367 379 [0]
369 499 [1]
370 371 [0]
372 373 [0]
372 412 [1]
372 413 [0]
372 434 [1]
373 413 [0]
373 434 [1]
375 485 [1]
376 437 [1]
376 461 [1]
377 401 [0]
377 460 [1]
380 422 [0]
380 474 [1]
380 478 [1]
381 474 [1]
381 478 [1]
381 479 [1]
382 383 [1]
383 390 [0]
383 405 [0]
384 416 [0]
384 417 [1]
384 481 [1]
385 410 [0]
385 417 [1]
385 433 [1]
385 481 [1]
385 484 [1]
385 485 [1]
386 442 [1]
387 413 [0]
387 420 [1]
387 421 [1]
390 405 [1]
391 405 [0]
391 456 [0]
391 493 [0]
392 470 [1]
392 471 [1]
393 470 [1]
393 471 [1]
396 397 [0]
398 399 [1]
401 450 [1]
402 418 [0]
402 425 [1]
403 407 [0]
403 446 [0]
403 495 [1]
404 405 [0]
404 492 [0]
405 492 [1]
405 493 [0]
406 418 [1]
406 424 [1]
406 425 [1]
407 419 [1]
407 494 [1]
407 495 [0]
410 485 [1]
411 480 [1]
411 481 [1]
412 413 [1]
414 415 [1]
416 417 [1]
417 481 [1]
418 424 [1]
418 425 [1]
419 425 [1]
420 421 [1]
420 440 [0]
420 441 [1]
420 473 [0]
422 474 [1]
424 425 [0]
426 427 [1]
432 454 [0]
432 455 [0]
433 453 [0]
433 455 [0]
434 435 [0]
434 490 [1]
434 491 [0]
435 491 [1]
436 444 [0]
436 445 [0]
438 439 [0]
440 442 [0]
441 473 [1]
442 443 [1]
444 456 [1]
446 447 [0]
448 484 [0]
450 451 [1]
451 464 [1]
452 453 [0]
453 455 [1]
456 493 [1]
458 459 [0]
458 498 [0]
458 499 [1]
459 498 [0]
459 499 [0]
462 463 [1]
462 477 [0]
463 477 [1]
464 465 [0]
464 497 [1]
465 496 [1]
466 467 [0]
468 469 [0]
474 475 [0]
474 478 [1]
474 479 [1]
475 479 [1]
480 481 [0]
480 485 [0]
498 499 [1]
