150
3
0
1
2
3
4
5
6
7
8
9
10
11
12
13
14
15
16
17
18
19
20
21
22
23
24
25
26
27
28
29
30
31
32
33
34
35
36
37
38
39
40
41
42
43
44
45
46
47
48
49
50
51
52
53
54
55
56
57
58
59
60
61
62
63
64
65
66
67
68
69
70
71
72
73
74
75
76
77
78
79
80
81
82
83
84
85
86
87
88
89
90
91
92
93
94
95
96
97
98
99
100
101
102
103
104
105
106
107
108
109
110
111
112
113
114
115
116
117
118
119
120
121
122
123
124
125
126
127
128
129
130
131
132
133
134
135
136
137
138
139
140
141
142
143
144
145
146
147
148
149
0 1 [2]
0 28 [2]
0 29 [2]
0 32 [2]
0 41 [0]
0 88 [1]
0 120 [2]
0 123 [1]
1 41 [2]
1 88 [2]
1 123 [1]
2 53 [0]
2 58 [2]
2 92 [2]
2 107 [1]
3 40 [2]
3 69 [2]
3 115 [1]
4 73 [0]
4 75 [0]
4 81 [1]
4 134 [0]
5 70 [0]
5 94 [2]
5 95 [1]
6 24 [2]
6 30 [0]
6 32 [0]
6 35 [1]
6 66 [0]
7 17 [2]
7 77 [0]
7 113 [1]
7 133 [0]
7 137 [0]
8 52 [0]
8 103 [1]
8 115 [0]
8 118 [1]
9 54 [0]
9 61 [0]
9 68 [0]
9 99 [1]
10 33 [2]
10 62 [0]
10 68 [0]
10 83 [1]
10 89 [1]
10 131 [1]
10 146 [1]
11 37 [0]
11 70 [0]
11 94 [1]
11 138 [0]
12 44 [0]
12 119 [1]
12 121 [1]
12 134 [0]
13 22 [0]
13 26 [0]
13 47 [0]
13 83 [1]
13 97 [1]
13 130 [1]
14 30 [0]
14 63 [0]
14 140 [2]
15 60 [0]
15 83 [1]
15 104 [1]
15 124 [1]
15 132 [1]
16 54 [2]
16 63 [1]
16 68 [1]
16 125 [2]
17 36 [2]
17 39 [0]
17 70 [1]
17 77 [1]
17 94 [1]
17 95 [1]
17 110 [1]
17 133 [2]
17 149 [2]
18 67 [1]
18 85 [2]
18 116 [1]
19 48 [0]
19 75 [1]
19 81 [1]
19 82 [1]
19 100 [1]
19 111 [2]
19 134 [2]
20 24 [1]
20 25 [2]
20 34 [1]
20 42 [0]
20 50 [2]
20 76 [1]
20 80 [1]
20 84 [1]
20 117 [2]
21 70 [0]
21 95 [1]
21 98 [1]
21 110 [2]
22 26 [0]
22 65 [1]
22 130 [0]
22 147 [2]
23 24 [2]
23 139 [1]
23 147 [2]
24 25 [2]
24 29 [2]
24 30 [2]
24 32 [0]
24 50 [0]
24 67 [0]
24 85 [1]
24 115 [1]
24 139 [2]
24 147 [1]
25 30 [1]
25 42 [0]
25 63 [1]
25 93 [1]
26 65 [1]
26 97 [1]
26 136 [2]
27 87 [0]
27 122 [2]
27 129 [2]
27 141 [2]
27 142 [1]
27 148 [0]
28 32 [0]
28 41 [0]
28 43 [0]
28 85 [1]
28 90 [1]
28 105 [2]
28 136 [0]
28 147 [1]
29 32 [0]
29 41 [0]
29 43 [0]
29 67 [1]
29 90 [1]
29 120 [2]
29 123 [0]
30 45 [0]
30 58 [1]
30 63 [1]
30 66 [1]
30 93 [1]
30 101 [2]
30 119 [2]
30 121 [2]
30 134 [0]
30 140 [2]
30 144 [2]
31 85 [1]
31 90 [1]
31 116 [2]
32 35 [1]
32 66 [1]
32 120 [2]
32 121 [0]
32 129 [2]
32 136 [2]
33 62 [1]
33 126 [2]
33 129 [2]
33 146 [2]
34 80 [1]
34 84 [2]
34 135 [2]
34 143 [2]
35 66 [1]
36 39 [0]
36 94 [2]
37 70 [1]
37 91 [2]
37 138 [2]
38 68 [1]
38 83 [1]
38 131 [2]
39 58 [1]
39 94 [2]
39 127 [0]
39 133 [2]
39 138 [0]
39 149 [2]
40 50 [1]
40 69 [1]
40 115 [2]
41 43 [0]
41 123 [0]
42 63 [1]
42 76 [1]
42 80 [1]
43 90 [2]
44 57 [1]
44 121 [2]
44 134 [2]
45 101 [2]
45 134 [2]
46 103 [2]
46 109 [2]
46 132 [2]
47 83 [2]
47 97 [2]
48 100 [2]
48 134 [0]
49 72 [1]
49 83 [2]
49 136 [0]
50 69 [2]
50 84 [1]
50 115 [2]
50 117 [2]
50 135 [0]
50 143 [2]
51 79 [2]
51 87 [2]
51 108 [2]
51 141 [2]
51 142 [2]
52 115 [0]
52 118 [2]
53 58 [1]
53 92 [2]
54 55 [1]
54 63 [0]
54 68 [1]
54 99 [0]
54 145 [0]
55 63 [1]
55 99 [2]
55 145 [2]
56 83 [2]
56 89 [2]
56 131 [2]
57 111 [2]
57 121 [0]
57 129 [0]
57 134 [0]
58 61 [1]
58 74 [2]
58 78 [2]
58 79 [0]
58 92 [2]
58 99 [2]
58 102 [2]
58 107 [0]
58 112 [2]
58 127 [0]
58 134 [0]
58 138 [0]
58 140 [0]
58 144 [0]
58 148 [1]
59 79 [1]
59 106 [2]
59 134 [0]
60 104 [2]
60 124 [0]
61 68 [0]
61 99 [2]
61 112 [2]
62 83 [1]
62 129 [0]
62 136 [0]
63 68 [2]
63 80 [2]
63 83 [1]
63 93 [2]
63 99 [2]
63 125 [0]
63 132 [0]
63 135 [0]
63 140 [0]
64 71 [2]
64 103 [2]
64 109 [2]
65 136 [1]
65 147 [0]
66 121 [1]
67 85 [1]
67 90 [2]
67 116 [2]
68 83 [1]
68 112 [0]
68 125 [0]
68 126 [0]
68 129 [0]
68 131 [0]
68 146 [0]
69 115 [0]
69 118 [0]
69 132 [0]
69 135 [0]
70 77 [1]
70 91 [2]
70 94 [2]
70 95 [1]
70 98 [0]
70 110 [0]
71 103 [0]
71 109 [2]
71 118 [1]
71 132 [0]
72 83 [0]
72 97 [0]
72 136 [0]
73 75 [0]
73 79 [2]
73 106 [0]
73 134 [0]
73 141 [0]
74 78 [2]
74 79 [2]
74 102 [0]
74 114 [0]
75 81 [1]
75 111 [2]
75 141 [1]
76 80 [1]
77 79 [1]
77 86 [0]
77 91 [2]
77 113 [0]
77 128 [0]
77 148 [0]
78 79 [1]
79 91 [0]
79 106 [0]
79 108 [0]
79 114 [0]
79 134 [0]
79 138 [0]
79 141 [1]
79 142 [1]
79 148 [1]
80 135 [0]
81 134 [0]
82 100 [0]
82 111 [0]
83 89 [0]
83 97 [0]
83 104 [0]
83 124 [0]
83 130 [1]
83 131 [0]
83 132 [0]
83 136 [1]
83 139 [1]
84 117 [0]
84 143 [1]
85 90 [2]
85 105 [0]
85 116 [1]
85 147 [1]
86 92 [1]
86 113 [1]
86 128 [0]
86 148 [1]
87 141 [1]
87 142 [1]
88 123 [0]
89 131 [0]
90 105 [0]
90 116 [0]
91 138 [1]
92 96 [2]
92 107 [0]
92 113 [0]
92 137 [1]
92 148 [1]
94 95 [1]
94 138 [1]
95 98 [2]
95 110 [1]
96 107 [1]
96 127 [1]
96 137 [1]
97 136 [0]
99 140 [1]
99 145 [2]
100 111 [1]
100 134 [1]
101 119 [1]
101 134 [1]
102 114 [0]
102 134 [0]
103 109 [2]
103 115 [2]
103 118 [1]
103 132 [2]
104 115 [2]
104 124 [1]
104 132 [2]
104 139 [1]
106 134 [1]
107 127 [0]
108 141 [1]
109 132 [2]
111 129 [2]
111 134 [2]
111 141 [1]
112 122 [0]
112 129 [1]
112 148 [1]
113 128 [1]
113 137 [2]
114 134 [1]
115 118 [1]
115 132 [0]
115 139 [2]
118 132 [2]
119 121 [1]
119 134 [1]
121 129 [2]
122 129 [2]
122 148 [2]
126 129 [2]
126 146 [1]
127 133 [1]
127 137 [1]
129 136 [1]
129 141 [2]
130 139 [1]
130 147 [1]
132 135 [1]
133 137 [2]
133 149 [2]
134 144 [2]
135 143 [2]
136 147 [0]
139 147 [0]
142 148 [1]
