128
6
0
1
2
3
4
5
6
7
8
9
10
11
12
13
14
15
16
17
18
19
20
21
22
23
24
25
26
27
28
29
30
31
32
33
34
35
36
37
38
39
40
41
42
43
44
45
46
47
48
49
50
51
52
53
54
55
56
57
58
59
60
61
62
63
64
65
66
67
68
69
70
71
72
73
74
75
76
77
78
79
80
81
82
83
84
85
86
87
88
89
90
91
92
93
94
95
96
97
98
99
100
101
102
103
104
105
106
107
108
109
110
111
112
113
114
115
116
117
118
119
120
121
122
123
124
125
126
127
0 14 [4]
0 35 [0]
0 40 [2]
0 106 [2]
0 107 [5]
0 110 [4]
0 122 [0]
1 3 [0]
1 41 [1]
1 66 [2]
1 67 [5]
1 93 [1]
1 97 [1]
1 115 [3]
2 16 [2]
2 24 [3]
2 38 [2]
2 51 [1]
2 79 [4]
2 98 [4]
2 99 [5]
3 27 [1]
3 39 [2]
3 54 [2]
3 59 [2]
3 64 [2]
3 94 [0]
4 16 [2]
4 56 [4]
4 67 [3]
4 84 [4]
4 93 [3]
4 99 [0]
4 113 [0]
5 33 [2]
5 41 [3]
5 49 [5]
5 67 [5]
5 84 [0]
5 102 [0]
5 103 [5]
6 13 [2]
6 16 [2]
6 24 [3]
6 57 [4]
6 66 [5]
6 93 [5]
6 117 [5]
7 22 [3]
7 27 [3]
7 48 [5]
7 64 [5]
7 77 [4]
7 90 [3]
7 123 [0]
8 14 [0]
8 23 [0]
8 33 [4]
8 75 [4]
8 103 [5]
8 106 [5]
8 118 [0]
9 15 [4]
9 28 [3]
9 47 [4]
9 58 [5]
9 63 [5]
9 78 [4]
9 126 [2]
10 31 [5]
10 34 [5]
10 45 [5]
10 52 [5]
10 72 [0]
10 96 [2]
10 124 [1]
11 17 [1]
11 34 [5]
11 69 [0]
11 70 [1]
11 80 [1]
11 112 [5]
11 124 [1]
12 32 [3]
12 38 [2]
12 58 [2]
12 63 [0]
12 82 [0]
12 99 [2]
12 113 [1]
13 19 [0]
13 39 [2]
13 45 [5]
13 54 [5]
13 72 [1]
13 125 [4]
14 61 [0]
14 80 [0]
14 95 [1]
14 112 [4]
14 116 [0]
15 27 [5]
15 45 [5]
15 52 [5]
15 54 [2]
15 77 [4]
15 101 [1]
16 44 [4]
16 55 [3]
16 73 [4]
16 125 [4]
17 23 [3]
17 68 [1]
17 89 [0]
17 105 [1]
17 108 [3]
17 118 [0]
18 35 [2]
18 36 [2]
18 58 [4]
18 82 [4]
18 104 [0]
18 107 [4]
18 126 [1]
19 28 [2]
19 78 [4]
19 85 [4]
19 105 [0]
19 108 [0]
19 117 [1]
20 33 [5]
20 35 [2]
20 36 [2]
20 41 [4]
20 87 [0]
20 97 [4]
20 106 [2]
21 27 [2]
21 30 [2]
21 48 [0]
21 52 [0]
21 94 [1]
21 96 [0]
21 127 [0]
22 25 [5]
22 29 [5]
22 79 [0]
22 98 [1]
22 100 [5]
22 121 [3]
23 55 [0]
23 60 [0]
23 73 [0]
23 88 [1]
23 112 [0]
24 31 [0]
24 42 [4]
24 45 [0]
24 101 [1]
24 111 [0]
25 27 [2]
25 39 [0]
25 42 [1]
25 45 [1]
25 96 [4]
25 119 [3]
26 49 [4]
26 56 [4]
26 65 [4]
26 68 [4]
26 76 [4]
26 84 [4]
26 89 [3]
27 47 [4]
27 115 [2]
28 45 [4]
28 70 [5]
28 111 [1]
28 119 [3]
28 124 [1]
29 39 [1]
29 43 [4]
29 44 [4]
29 46 [3]
29 64 [4]
29 125 [3]
30 35 [2]
30 40 [4]
30 47 [5]
30 87 [1]
30 92 [1]
30 126 [2]
31 51 [0]
31 57 [4]
31 104 [3]
31 107 [0]
31 122 [1]
32 71 [1]
32 90 [5]
32 95 [1]
32 116 [0]
32 120 [3]
32 123 [1]
33 60 [1]
33 91 [1]
33 95 [5]
33 120 [3]
34 51 [5]
34 65 [5]
34 68 [5]
34 98 [5]
34 121 [3]
35 71 [1]
35 95 [2]
35 127 [3]
36 50 [2]
36 60 [5]
36 83 [0]
36 88 [3]
36 114 [3]
37 40 [4]
37 81 [4]
37 85 [4]
37 87 [0]
37 106 [3]
37 108 [3]
37 118 [3]
38 70 [4]
38 73 [0]
38 111 [2]
38 112 [0]
38 116 [3]
39 66 [1]
39 81 [1]
39 85 [3]
40 80 [1]
40 96 [1]
40 119 [2]
40 124 [2]
41 74 [2]
41 83 [1]
41 94 [1]
41 127 [2]
42 66 [5]
42 79 [3]
42 110 [2]
42 115 [3]
42 122 [2]
43 49 [2]
43 68 [1]
43 81 [1]
43 103 [3]
43 118 [2]
43 121 [1]
44 66 [1]
44 67 [1]
44 75 [1]
44 79 [3]
44 103 [0]
45 98 [1]
46 75 [1]
46 85 [4]
46 86 [1]
46 100 [3]
46 105 [0]
46 118 [1]
47 59 [1]
47 71 [1]
47 90 [1]
47 119 [3]
48 49 [2]
48 65 [1]
48 92 [0]
48 102 [3]
48 121 [2]
49 64 [1]
49 91 [2]
49 94 [3]
50 76 [4]
50 78 [4]
50 87 [3]
50 89 [3]
50 108 [3]
50 126 [2]
51 53 [1]
51 55 [1]
51 61 [1]
51 112 [3]
52 65 [5]
52 76 [4]
52 104 [0]
52 126 [2]
53 65 [4]
53 82 [3]
53 84 [3]
53 99 [3]
53 102 [0]
53 104 [2]
54 56 [5]
54 76 [4]
54 78 [3]
54 93 [0]
55 57 [1]
55 68 [0]
55 84 [2]
55 103 [2]
56 62 [3]
56 64 [2]
56 77 [3]
56 125 [2]
57 72 [4]
57 74 [4]
57 83 [3]
57 88 [2]
58 71 [4]
58 101 [5]
58 111 [2]
58 114 [2]
59 78 [3]
59 85 [3]
59 86 [3]
59 87 [3]
59 97 [0]
60 82 [3]
60 84 [0]
60 89 [3]
60 113 [2]
61 79 [3]
61 102 [5]
61 103 [0]
61 121 [2]
61 122 [5]
62 63 [3]
62 78 [0]
62 86 [3]
62 89 [2]
62 105 [2]
62 113 [5]
63 69 [2]
63 70 [4]
63 77 [3]
63 90 [0]
64 67 [1]
64 86 [5]
65 69 [2]
65 77 [3]
66 74 [3]
66 109 [0]
67 120 [1]
67 123 [4]
68 72 [3]
68 125 [5]
69 82 [2]
69 89 [2]
69 92 [0]
69 126 [5]
70 98 [5]
70 100 [5]
70 105 [5]
71 97 [5]
71 110 [2]
71 115 [5]
72 76 [2]
72 81 [2]
72 108 [2]
73 75 [0]
73 105 [5]
73 113 [4]
73 117 [5]
74 81 [5]
74 103 [2]
74 106 [0]
74 122 [5]
75 109 [2]
75 116 [5]
75 120 [4]
76 83 [1]
76 94 [0]
77 98 [2]
77 99 [5]
78 114 [4]
79 116 [4]
79 123 [4]
80 92 [0]
80 100 [2]
80 118 [1]
80 121 [4]
81 94 [2]
81 96 [5]
82 95 [5]
82 112 [4]
83 84 [5]
83 93 [5]
83 104 [5]
85 109 [4]
85 119 [4]
86 90 [0]
86 91 [5]
86 120 [4]
87 91 [4]
87 94 [2]
88 106 [4]
88 107 [4]
88 108 [4]
88 117 [4]
89 91 [2]
90 92 [5]
90 100 [3]
91 92 [4]
91 118 [1]
92 95 [4]
93 101 [4]
93 114 [1]
95 102 [4]
96 121 [1]
96 122 [2]
97 109 [1]
97 114 [1]
97 120 [3]
98 125 [5]
99 101 [0]
99 123 [4]
100 116 [1]
100 119 [3]
101 104 [1]
101 115 [4]
102 123 [4]
102 127 [3]
104 127 [5]
105 125 [2]
106 109 [1]
107 111 [5]
107 112 [5]
107 124 [5]
108 124 [5]
109 110 [3]
109 117 [2]
110 111 [3]
110 116 [4]
110 119 [4]
111 117 [2]
113 114 [1]
113 120 [5]
114 117 [5]
115 123 [2]
115 127 [3]
122 127 [3]
124 126 [0]
