50
6
0
1
2
3
4
5
6
7
8
9
10
11
12
13
14
15
16
17
18
19
20
21
22
23
24
25
26
27
28
29
30
31
32
33
34
35
36
37
38
39
40
41
42
43
44
45
46
47
48
49
0 1 [5]
0 2 [3]
0 5 [3]
0 8 [3]
0 10 [0]
0 13 [3]
0 14 [2]
0 18 [3]
0 20 [1]
0 21 [5]
0 25 [1]
0 28 [3]
0 29 [5]
0 31 [0]
0 32 [5]
0 34 [2]
0 37 [5]
0 40 [0]
0 41 [5]
0 43 [3]
0 46 [3]
0 47 [4]
0 48 [2]
0 49 [5]
1 3 [2]
1 5 [2]
1 6 [2]
1 7 [4]
1 8 [2]
1 9 [2]
1 10 [2]
1 11 [4]
1 12 [5]
1 15 [4]
1 16 [4]
1 18 [3]
1 20 [0]
1 22 [0]
1 24 [2]
1 26 [5]
1 29 [5]
1 32 [5]
1 35 [1]
1 36 [4]
1 37 [5]
1 38 [1]
1 41 [5]
1 46 [4]
1 47 [4]
1 49 [4]
2 4 [5]
2 6 [5]
2 7 [5]
2 8 [5]
2 9 [5]
2 10 [5]
2 11 [5]
2 12 [5]
2 13 [5]
2 15 [5]
2 16 [5]
2 19 [5]
2 22 [5]
2 23 [5]
2 25 [5]
2 26 [5]
2 28 [5]
2 29 [5]
2 30 [1]
2 31 [5]
2 32 [5]
2 33 [4]
2 36 [0]
2 37 [1]
2 39 [3]
2 40 [3]
2 41 [0]
2 43 [0]
2 44 [0]
2 45 [4]
2 46 [3]
2 47 [0]
2 48 [3]
2 49 [0]
3 4 [3]
3 5 [4]
3 6 [4]
3 7 [0]
3 11 [4]
3 13 [0]
3 14 [0]
3 15 [0]
3 16 [0]
3 18 [0]
3 21 [3]
3 23 [0]
3 24 [0]
3 26 [0]
3 28 [0]
3 29 [0]
3 32 [1]
3 33 [0]
3 34 [1]
3 37 [1]
3 38 [1]
3 39 [1]
3 41 [0]
3 45 [1]
3 47 [0]
4 6 [5]
4 8 [0]
4 9 [0]
4 11 [0]
4 13 [3]
4 14 [3]
4 15 [3]
4 18 [3]
4 20 [3]
4 22 [5]
4 23 [1]
4 24 [1]
4 26 [1]
4 28 [1]
4 29 [1]
4 30 [2]
4 35 [2]
4 37 [1]
4 38 [1]
4 41 [1]
4 42 [2]
4 44 [2]
4 46 [4]
5 9 [5]
5 11 [5]
5 12 [3]
5 17 [0]
5 18 [1]
5 19 [1]
5 21 [2]
5 23 [1]
5 25 [1]
5 27 [1]
5 29 [1]
5 30 [2]
5 32 [4]
5 34 [1]
5 39 [2]
5 40 [2]
5 42 [1]
5 43 [2]
5 44 [2]
5 45 [2]
5 46 [2]
5 47 [2]
6 8 [3]
6 11 [1]
6 13 [1]
6 14 [1]
6 15 [1]
6 17 [1]
6 20 [1]
6 28 [1]
6 29 [1]
6 30 [1]
6 31 [1]
6 33 [1]
6 34 [1]
6 37 [2]
6 39 [2]
6 45 [2]
6 46 [4]
6 48 [4]
6 49 [2]
7 10 [1]
7 11 [1]
7 13 [1]
7 14 [1]
7 15 [1]
7 16 [2]
7 18 [1]
7 20 [1]
7 21 [2]
7 24 [2]
7 25 [1]
7 26 [1]
7 27 [1]
7 30 [2]
7 31 [2]
7 32 [2]
7 33 [2]
7 34 [4]
7 35 [2]
7 36 [2]
7 40 [2]
7 41 [2]
7 42 [2]
7 43 [2]
7 44 [2]
7 45 [2]
7 48 [2]
7 49 [4]
8 9 [3]
8 11 [3]
8 12 [3]
8 13 [3]
8 16 [2]
8 18 [0]
8 22 [0]
8 24 [2]
8 29 [0]
8 31 [4]
8 35 [2]
8 37 [4]
8 44 [4]
8 45 [4]
8 49 [4]
9 11 [4]
9 12 [1]
9 15 [2]
9 17 [2]
9 18 [2]
9 21 [2]
9 23 [1]
9 24 [2]
9 31 [2]
9 32 [4]
9 35 [4]
9 36 [2]
9 39 [4]
9 40 [4]
9 44 [4]
9 45 [4]
9 46 [4]
9 48 [0]
9 49 [5]
10 12 [2]
10 13 [2]
10 16 [2]
10 17 [2]
10 18 [0]
10 20 [2]
10 30 [2]
10 31 [2]
10 32 [4]
10 35 [5]
10 36 [5]
10 40 [0]
10 41 [0]
10 43 [0]
10 44 [0]
10 46 [5]
10 47 [4]
10 48 [5]
11 12 [2]
11 13 [0]
11 15 [2]
11 18 [4]
11 19 [4]
11 21 [4]
11 22 [4]
11 30 [4]
11 32 [4]
11 33 [4]
11 34 [4]
11 35 [4]
11 37 [4]
11 39 [4]
11 44 [4]
11 45 [4]
11 46 [4]
11 47 [4]
11 49 [4]
12 15 [4]
12 17 [4]
12 19 [5]
12 20 [5]
12 21 [5]
12 22 [4]
12 24 [5]
12 25 [5]
12 27 [5]
12 28 [4]
12 30 [4]
12 32 [5]
12 33 [4]
12 34 [5]
12 36 [5]
12 37 [5]
12 40 [4]
12 42 [5]
12 46 [3]
12 47 [3]
12 49 [5]
13 14 [3]
13 15 [5]
13 17 [3]
13 18 [3]
13 20 [4]
13 21 [4]
13 22 [5]
13 24 [5]
13 25 [4]
13 26 [4]
13 27 [4]
13 29 [4]
13 30 [4]
13 31 [5]
13 33 [4]
13 37 [3]
13 38 [0]
13 39 [0]
13 44 [3]
13 47 [3]
13 48 [3]
13 49 [3]
14 15 [1]
14 17 [3]
14 21 [4]
14 23 [1]
14 24 [0]
14 25 [1]
14 28 [4]
14 33 [4]
14 42 [0]
14 45 [4]
14 47 [3]
14 49 [1]
15 17 [3]
15 20 [5]
15 26 [0]
15 29 [4]
15 31 [1]
15 38 [0]
15 39 [5]
15 40 [0]
15 41 [5]
15 42 [0]
15 44 [0]
15 45 [3]
15 47 [3]
15 48 [0]
15 49 [3]
16 17 [0]
16 19 [5]
16 20 [5]
16 21 [0]
16 22 [5]
16 24 [5]
16 26 [0]
16 27 [0]
16 28 [0]
16 30 [2]
16 31 [5]
16 32 [4]
16 34 [5]
16 35 [1]
16 37 [5]
16 39 [3]
16 42 [5]
16 45 [3]
16 46 [2]
16 48 [3]
17 18 [1]
17 19 [5]
17 23 [1]
17 24 [0]
17 26 [1]
17 28 [2]
17 30 [2]
17 34 [3]
17 35 [3]
17 38 [2]
17 40 [0]
17 41 [0]
17 43 [3]
17 44 [3]
17 49 [3]
18 24 [0]
18 25 [0]
18 27 [0]
18 28 [2]
18 30 [2]
18 32 [4]
18 36 [3]
18 38 [0]
18 39 [3]
18 42 [0]
18 43 [0]
18 44 [3]
18 47 [2]
18 49 [3]
19 20 [4]
19 21 [0]
19 27 [2]
19 30 [2]
19 33 [3]
19 35 [2]
19 36 [4]
19 40 [3]
19 42 [3]
19 43 [3]
19 48 [2]
20 23 [1]
20 26 [1]
20 27 [2]
20 28 [2]
20 31 [4]
20 32 [3]
20 33 [0]
20 37 [3]
20 40 [5]
20 44 [2]
20 46 [3]
20 48 [3]
20 49 [1]
21 25 [4]
21 27 [4]
21 28 [2]
21 30 [2]
21 37 [3]
21 39 [3]
21 41 [3]
21 44 [3]
21 45 [3]
21 46 [2]
21 48 [3]
22 24 [4]
22 25 [4]
22 26 [4]
22 32 [4]
22 33 [3]
22 35 [3]
22 38 [3]
22 39 [3]
22 40 [3]
22 45 [3]
22 46 [3]
22 48 [3]
22 49 [5]
23 24 [0]
23 25 [3]
23 27 [2]
23 29 [2]
23 31 [3]
23 34 [3]
23 35 [3]
23 36 [3]
23 37 [3]
23 44 [4]
23 45 [3]
23 49 [1]
24 26 [2]
24 27 [2]
24 32 [3]
24 33 [3]
24 34 [3]
24 35 [3]
24 36 [5]
24 42 [3]
24 45 [3]
24 47 [1]
24 49 [1]
25 27 [2]
25 28 [5]
25 31 [5]
25 33 [3]
25 34 [3]
25 36 [5]
25 37 [5]
25 40 [5]
25 42 [0]
25 44 [5]
25 45 [4]
25 46 [1]
25 47 [5]
25 49 [1]
26 27 [4]
26 28 [5]
26 29 [5]
26 33 [3]
26 35 [3]
26 37 [1]
26 39 [0]
26 40 [0]
26 42 [5]
26 44 [0]
26 45 [4]
26 46 [1]
27 29 [4]
27 31 [3]
27 33 [3]
27 35 [4]
27 36 [0]
27 38 [2]
27 39 [0]
27 40 [4]
27 41 [0]
27 42 [3]
27 44 [0]
27 46 [0]
27 47 [0]
27 48 [1]
27 49 [5]
28 30 [3]
28 31 [3]
28 32 [0]
28 36 [0]
28 37 [0]
28 38 [0]
28 40 [0]
28 45 [1]
28 46 [1]
28 49 [1]
29 31 [5]
29 32 [4]
29 35 [0]
29 36 [0]
29 38 [0]
29 40 [0]
29 41 [1]
29 42 [0]
29 43 [0]
29 44 [4]
29 46 [1]
29 47 [1]
29 48 [1]
29 49 [1]
30 31 [5]
30 34 [0]
30 36 [0]
30 37 [0]
30 38 [1]
30 40 [5]
30 41 [0]
30 42 [2]
30 43 [2]
30 45 [4]
30 46 [1]
30 47 [2]
30 48 [1]
31 35 [2]
31 36 [0]
31 38 [2]
31 40 [2]
31 42 [1]
31 44 [2]
31 45 [1]
31 47 [5]
31 48 [1]
31 49 [2]
32 33 [1]
32 34 [5]
32 36 [0]
32 37 [0]
32 38 [0]
32 44 [5]
32 46 [1]
32 47 [1]
32 49 [5]
33 36 [0]
33 37 [3]
33 40 [4]
33 44 [4]
33 45 [1]
33 46 [5]
34 35 [3]
34 37 [1]
34 38 [1]
34 42 [4]
34 44 [4]
34 45 [2]
34 48 [5]
35 40 [4]
35 44 [4]
35 45 [4]
35 46 [4]
35 47 [5]
35 48 [1]
35 49 [5]
36 38 [0]
36 39 [5]
36 41 [2]
36 43 [4]
36 45 [5]
37 39 [5]
37 40 [5]
37 43 [5]
37 44 [4]
37 46 [5]
37 48 [5]
38 40 [4]
38 41 [4]
38 42 [4]
38 43 [4]
38 44 [1]
38 46 [1]
38 49 [1]
39 40 [5]
39 41 [1]
39 42 [2]
39 43 [2]
39 44 [1]
39 45 [1]
39 47 [1]
39 49 [5]
40 41 [5]
40 43 [3]
40 46 [3]
40 48 [5]
40 49 [5]
41 44 [5]
41 48 [0]
42 46 [0]
42 47 [0]
42 48 [1]
42 49 [5]
43 44 [4]
43 45 [5]
44 45 [4]
44 46 [0]
44 47 [0]
44 48 [0]
45 47 [2]
45 49 [4]
46 48 [5]
47 49 [4]
